$ANSIBLE_VAULT;1.1;AES256
36626565396532663165666338333262633234333734303662626135663838323738316463663061
3539386538393262653662336236393363313235363864640a626433663731623561313630353839
66376433353036663966353439326465336433623933653432653364653533393436636665336536
3962643831366563630a363532366333663464383264666363663964313263303364623734303731
61623366303263303566326539623339303962343561646539643334353065643638343637666564
66323262366136626666316630326335653932653362343638393365313461373930663334353835
37323737643234636336623435383562626163663634306561306136323439376665313638613736
66326162336136663438326466336137386136656364613839333836316231356136376530623863
34643135333562633264343834366335323437623130636237353066356363643965336633333032
30386334393334636232643132653837613338633935333639633863663361633066396231383635
32376463306462656165333637366439386132613331616335633034326233366264373330313565
39373138346437323139643733653233623530633030313166363462383535333335393737383534
62353133626662383461326539353966636361623330616535646438353333303837303238616639
38643934363937306538343835303634623861656462393164313439643061656230333138623033
31316563336563633636383132643731633961626266666632363030663538666535316665383132
64353462306637313337653033336464303637363166393734646466333637383065396436326638
31383332366262393632376364313062326366396639326164663738613937393833393063333232
37653631346465326538633938346666323966326536306665333133643738326534383863373237
61353161313261326663373636303231643133633033343836653866386237663036353730366436
32353461316565393233666333393832656563386330636138656330333039356630346164646662
66376165313561353431373538343631633964366563626661323765343932653636336366303732
30313838373434363133643332666339346166306137643261666234646330346233326635306366
61663061393362623435346362366662383735303739333938396166633237643233663265383162
30353862303736333630356539346137383735663835323761653232323939393238633437393231
65363730356131333639663265306564303662633138333066363636363632393639376234373736
64383566336532376361373064663064303932353631643137663163393564346237396333363464
64616166326332303737623730323666666166666435333437346163383134313432663730346636
64616131356333303364666465646332623537653430376364366332373832393337343030363631
33313035663664383064363535383131373662663835363762363236353833393532643266343635
37353036393239346531313431373132663036656135636336333230643465623238373933346533
35313765393434616635663234623132663538613634666531316166663166323565336365663236
65303333623331666535643563643339306139313537346439313466656462306364323062323734
30356535366464613161383939656564376562646137396533316537323964363338303566646331
64663765353633333330353635643465323561366266633439616563636161363966306439613861
34373935333061303732346532333165653431333032643337353736646565396136363362656264
33363963303539306333383432633165646465336665366336636561323336363131346338663861
62316635396161613962363435626665343438366130306439353463336637336563613739653132
37343431386564363034623339373162383433316331333862663737343134316439303438623763
64623531393966373934316364373235353435613362326138633032616264643934323766313737
34626662616338396461323366343863636664353531373962386530623332663436336135356335
62323233643137383966343665303631326462386130366465333235323263383436323061633033
65376366393930653133356334363664383236653632383562303565303333323330623462373064
61633934363737623537373763383733333332313166646632623837303866393062623061366136
39636163306161353730356564386230366663623432353165623532396433393131616238653130
33356162613764633165626630623966356130326133383732323262636665663033393164663635
34653633323636313336313730633363666138323531623232643134333064653934633639393164
32306438636563633963333764363332626461643737633839626464323731353066396563343863
33306238623133303735346464326635353865646330626333363336646661313833646466613030
30363735626666613731336234656537363734386238633338336130653261613162386436623939
65333037643961353232616264636162643161666632346162306264616136306437336664346234
64373531633634653263666234643362306338393132396465333831623462656461393532386361
61303134323662383362373530613434363739333231663130336262336334663038376262346665
65323862326335333961323830613436363938306265363261363332356231613235343939656437
39643262343934343062633338313834616439613564343466333634646631386464373363623062
33376639386464633964336261633566353336633566376366633231306661626631396636343636
32616432376565303834333636353830633832396333393765333136636161306262633630343665
63393964373334656663623466626636303066366663663137376335663261666634653061613862
39346635643766663732656333346339373336383139336561653464646132373833303535636136
61396164366439343838313136316638643561663133343038613138343762626561616236643039
36306536373665663830663833356362313739303930636139396238313836303630386531656437
34303639316662323633346263386239356139313131663161383466386334393361336166646437
32356466636235373531643436326230633938326636383032653334666465333431636633666333
32313134353064343330333537336664303865643239316532636537373163303735323931343638
62313263656232316363303564633837613639376464356463616464333766396565353565653536
33353036386239656661306236313762613733663337616134623731636135366432306431363762
66366235633939306262336661616361353131613938636566643964313763373631303363333165
33643937623539626665343539303431626666626636313630366566356665653136306639386337
62316536623565386261393333353137653333373839636134343466323165653665633239373733
65323837353232613330373237616264383965336339396562653362313734636339373038386665
62313031663461636334363066393134313535376665336631386436303338663333633537636666
63373638323936316565386362353533383738346536366330306166613834343934306231363636
66316261303363343861376162346262636234623465363038363133633665393034316462306431
37353966633463623836666332653061646563386531643132613263663535616332646566316236
31643166643466353130383762363163663266333435383234346364323732626663323639363832
33656638616234646438353961666566363062303734333762666231626564613636303766393765
63643137623038353533393332363763643033303765393564326530303364393666313832363864
66373862373537643066343039336534346431313261386433323434373237363135363562386333
63636565333938663938366361366665326138353866363235393231333537663061373161313564
37316364303430396133333836613632366433366363373339643333653835623539386636383338
33333935353862346163636439626330393532333862353666646330333838313135633534666636
30313331333938656337393939663538353133313232383931623737633863373539343535356635
65333333653739313765396433653532313937633464316265373130656565336165656266313734
33646132636338306538303564386162303335393464356262333263653931616162626139396137
37323561663834346639366363633063616135383736346166316534363930656463333137353631
35316532353530353033316338656532623631366234363131383836613335656236333037616231
63353434393665393865396262326430633734333636646365343239363533383930303664303664
31346661656164326462373466366662383833346536333631383438663864333461656564303632
61323736316531643939643836336632373833666431613663663036366365656238383131656634
37323036383236656166646531643832643237323563663165643464323765353933396632333230
33386435636538353837373766666332616266333833386364656366396330333433363761636266
65376264616234646338373132363133663761333134303233353761376234363637343064373766
36613738393964316136333030633030323762646537373666393163623434353635373735663162
31623734363864643363646239323638386531323030323036653066376161353335323765636133
63646664346239313232666531326134613531333066333865636433323164323434653565666130
30336464316561353430396265363433623361643265613139356332373265363936373936636138
63633531656434613331373630643533643336623330383933663136366265653434336438383864
35336239373037633261303864313334346164633536646534633662643933373430333565346164
35313833376333663763666565363134643666373738353562646161653633623963666533376437
32383265376566633930353938633961646332393637303066363962366136383066663831613331
63313036623162323137323035623063366163366466373839313263643265643261326666643064
66656466303936616362643863386536353765316433616663636531663331663939636166393235
61643062373538346161353435383932303835333661346431336462663032333930623330363762
36346264653064386235316666333163356636386133363435346361383639346334323963343137
32323938386336313165383936326463633336323861353630626130666335363835373735653161
65396432323530363636383132376562633962623865653263306133356336363231343532666663
64313636623130663666316165313635656335303738626266383462626630646533383266303135
32626464653938613931396634393936633263316633643534303135336334303433343333383431
34633334616539306663643639396336343762363066613934323165613062323132316236663466
36656233303938643364653630356566336361623262366461343433376130613963313337393331
3864633365323132356463343666383063643036643437663534
